wg235_data = {
    'Crude Oil & Larger Product Tankers': {
        'Class_name': ['Coastal/Panamax', 'Coastal/Panamax', 'Aframax', 'Aframax', 'Suezmax', 'VLCC', 'VLCC', 'VLCC', 'VLCC', 'VLCC', 'ULCC'],
        'DWT_deadweight_tonnage (t)': [60000.0, 70000.0, 100000.0, 115000.0, 150000.0, 165000.0, 193000.0, 280000.0, 300000.0, 320000.0, 450000.0],
        'Displacement_fully_laden (t)': [75000.0, 83000.0, 120000.0, 135000.0, 177000.0, 190000.0, 230000.0, 325000.0, 350000.0, 370000.0, 510000.0],
        'Cargo_capacity (t)': [56400.0, 65800.0, 95000.0, 109250.0, 142500.0, 158400.0, 185280.0, 268800.0, 291000.0, 310400.0, 436500.0],
        'Loa_length_overall (m)': [214.0, 228.0, 248.0, 250.0, 274.0, 274.0, 288.0, 333.0, 333.0, 333.0, 380.0],
        'Lbp_length_between_perpendiculars (m)': [207.0, 219.0, 238.0, 239.0, 264.0, 264.0, 274.0, 319.0, 316.0, 320.0, 366.0],
        'B_beam (m)': [32.2, 32.2, 43.0, 44.0, 50.0, 50.0, 50.0, 60.0, 60.0, 60.0, 68.0],
        'T_fully_laden (m)': [12.3, 13.6, 13.5, 14.8, 16.0, 17.1, 19.6, 20.4, 21.6, 22.6, 24.5],
        'Cb_block_coefficient ()': [0.892, 0.844, 0.847, 0.846, 0.818, 0.821, 0.836, 0.812, 0.834, 0.832, 0.816],
        'Loa_length_overall_max (m)': [229.0, 236.0, 253.0, 256.0, 274.0, 281.0, 288.0, 336.0, 339.0, 340.0, 380.0],
        'Lbp_length_between_perpendiculars_max (m)': [219.0, 229.0, 242.0, 249.0, 264.0, 270.0, 274.0, 330.0, 330.0, 327.0, 366.0],
        'B_beam_max (m)': [32.2, 36.0, 45.7, 44.0, 50.0, 50.0, 50.0, 60.0, 60.0, 60.0, 68.0],
        'T_fully_laden_max (m)': [12.8, 13.7, 14.7, 15.7, 17.6, 17.3, 19.6, 20.5, 22.7, 22.6, 24.5],
        'Moulded_depth (m)': [18.5, 19.8, 19.8, 21.0, 23.2, 23.1, 28.0, 28.8, 29.7, 30.5, 34.0],
        'Air_draft_ballast (m)': [47.0, 50.0, 50.0, 50.0, 50.0, 50.0, 61.0, 61.0, 64.0, 64.0, 64.0],
        'Lateral_windage_fully_loaded (m2)': [2200.0, 2350.0, 2750.0, 2900.0, 3300.0, 3400.0, 3700.0, 4400.0, 4600.0, 4700.0, 5500.0],
        'Lateral_windage_in_ballast (m2)': [3600.0, 3900.0, 4600.0, 5000.0, 5500.0, 5800.0, 6300.0, 7800.0, 8100.0, 8300.0, 10000.0],
        'Longitudinal_windage_fully_loaded (m2)': [800.0, 850.0, 930.0, 970.0, 1030.0, 1050.0, 1100.0, 1270.0, 1300.0, 1320.0, 1400.0],
        'Longitudinal_windage_in_ballast (m2)': [1050.0, 1100.0, 1250.0, 1300.0, 1450.0, 1500.0, 1650.0, 1900.0, 1950.0, 2000.0, 2250.0],
    },
    'Product Chemical and Dual Product Tankers (small/medium)': {
        'Class_name': ['General Purpose', 'General Purpose', 'General Purpose', 'General Purpose', 'Medium Range 1', 'Medium Range 1', 'Medium Range 2', 'Long Range 1'],
        'DWT_deadweight_tonnage (t)': [3000.0, 5000.0, 10000.0, 20000.0, 30000.0, 40000.0, 50000.0, 75000.0],
        'Displacement_fully_laden (t)': [4500.0, 8500.0, 15000.0, 26000.0, 38000.0, 52000.0, 62500.0, 91000.0],
        'Cargo_capacity (t)': [2700.0, 4500.0, 9200.0, 18500.0, 28000.0, 37500.0, 47000.0, 70500.0],
        'Loa_length_overall (m)': [89.0, 105.0, 120.0, 164.0, 177.0, 182.0, 183.0, 229.0],
        'Lbp_length_between_perpendiculars (m)': [82.0, 99.0, 115.0, 154.0, 168.0, 174.0, 175.0, 220.0],
        'B_beam (m)': [13.0, 16.0, 20.0, 23.0, 29.0, 32.2, 32.2, 32.2],
        'T_fully_laden (m)': [5.5, 6.4, 7.8, 8.5, 9.5, 11.0, 12.9, 14.7],
        'Cb_block_coefficient ()': [0.749, 0.818, 0.816, 0.843, 0.801, 0.823, 0.839, 0.853],
        'Loa_length_overall_max (m)': [98.0, 139.0, 142.0, 169.0, 180.0, 188.0, 189.0, 229.0],
        'Lbp_length_between_perpendiculars_max (m)': [96.0, 132.0, 133.0, 158.0, 173.0, 180.0, 180.0, 221.0],
        'B_beam_max (m)': [16.6, 22.5, 21.0, 27.9, 31.0, 32.2, 32.2, 40.0],
        'T_fully_laden_max (m)': [6.1, 7.0, 8.8, 10.0, 11.4, 12.2, 13.5, 14.7],
        'Moulded_depth (m)': [6.5, 8.3, 11.6, 12.7, 14.0, 17.3, 18.4, 20.8],
        'Air_draft_ballast (m)': [28.0, 32.0, 45.0, 45.0, 45.0, 45.0, 47.0, 48.0],
        'Lateral_windage_fully_loaded (m2)': [400.0, 500.0, 900.0, 1400.0, 1800.0, 1950.0, 2050.0, 2400.0],
        'Lateral_windage_in_ballast (m2)': [600.0, 900.0, 1500.0, 2000.0, 2700.0, 3000.0, 3250.0, 3950.0],
        'Longitudinal_windage_fully_loaded (m2)': [230.0, 250.0, 320.0, 400.0, 570.0, 680.0, 770.0, 860.0],
        'Longitudinal_windage_in_ballast (m2)': [260.0, 300.0, 400.0, 570.0, 750.0, 870.0, 950.0, 1130.0],
    },
    'Bulk Carriers': {
        'Class_name': ['Small Chemical Tanker', 'Handy size', 'Handy size', 'Handy size', 'Handymax', 'Handymax', 'Supramax', 'Panamax', 'Panamax', 'Post-Panamax', 'Post-Panamax (wide)', 'Post-Panamax (narrow)', 'Mini Cape', 'Small Cape', 'Cape', 'Cape', 'Cape', 'Large cape', 'VLOC', 'VLOC', 'VLOC', 'Valemax'],
        'DWT_deadweight_tonnage (t)': [5000.0, 10000.0, 20000.0, 30000.0, 40000.0, 50000.0, 60000.0, 70000.0, 80000.0, 85000.0, 100000.0, 100000.0, 120000.0, 150000.0, 170000.0, 185000.0, 200000.0, 230000.0, 250000.0, 300000.0, 325000.0, 400000.0],
        'Displacement_fully_laden (t)': [7000.0, 14000.0, 26000.0, 39000.0, 50000.0, 62000.0, 72000.0, 80000.0, 95000.0, 95000.0, 120000.0, 110000.0, 140000.0, 172000.0, 195000.0, 215000.0, 230000.0, 260000.0, 290000.0, 340000.0, 380000.0, 450000.0],
        'Cargo_capacity (t)': [4450.0, 8900.0, 18200.0, 27900.0, 37200.0, 47000.0, 56400.0, 65800.0, 76000.0, 80750.0, 95000.0, 95000.0, 114000.0, 142500.0, 163200.0, 177600.0, 192000.0, 220800.0, 240000.0, 288000.0, 312000.0, 384000.0],
        'Loa_length_overall (m)': [96.0, 114.0, 155.0, 179.0, 180.0, 190.0, 200.0, 225.0, 229.0, 229.0, 250.0, 240.0, 260.0, 273.0, 291.0, 290.0, 300.0, 325.0, 330.0, 327.0, 333.0, 360.0],
        'Lbp_length_between_perpendiculars (m)': [90.0, 107.0, 144.0, 170.0, 177.0, 182.0, 195.0, 215.0, 222.0, 225.0, 245.0, 236.0, 254.0, 260.0, 279.0, 280.0, 290.0, 315.0, 321.0, 318.0, 327.0, 353.0],
        'B_beam (m)': [16.0, 19.4, 23.7, 28.0, 30.0, 32.2, 32.2, 32.2, 32.2, 38.0, 43.0, 38.0, 43.0, 43.0, 45.0, 47.0, 50.0, 52.5, 57.0, 55.0, 60.0, 65.0],
        'T_fully_laden (m)': [6.0, 8.0, 9.2, 9.8, 10.7, 12.0, 13.0, 13.3, 14.5, 13.5, 13.2, 14.5, 14.5, 17.4, 17.8, 18.0, 18.0, 18.2, 18.1, 21.6, 22.7, 23.0],
        'Cb_block_coefficient ()': [0.79, 0.822, 0.808, 0.816, 0.859, 0.86, 0.861, 0.848, 0.894, 0.803, 0.842, 0.825, 0.862, 0.863, 0.851, 0.885, 0.86, 0.843, 0.854, 0.878, 0.832, 0.832],
        'Loa_length_overall_max (m)': [107.0, 134.0, 166.0, 190.0, 200.0, 200.0, 200.0, 230.0, 229.0, 235.0, 250.0, 240.0, 260.0, 273.0, 291.0, 300.0, 300.0, 325.0, 325.0, 330.0, 340.0, 362.0],
        'Lbp_length_between_perpendiculars_max (m)': [100.0, 126.0, 156.0, 183.0, 190.0, 195.0, 196.0, 220.0, 226.0, 229.0, 245.0, 236.0, 254.0, 265.0, 280.0, 294.0, 294.0, 315.0, 321.0, 328.0, 327.0, 355.0],
        'B_beam_max (m)': [17.0, 22.6, 25.0, 30.0, 32.0, 32.2, 32.2, 32.2, 32.2, 40.0, 43.0, 38.0, 43.0, 46.0, 47.0, 47.5, 50.0, 58.0, 58.0, 60.0, 60.0, 65.0],
        'T_fully_laden_max (m)': [6.5, 8.2, 9.9, 11.5, 11.6, 12.9, 13.1, 13.5, 14.7, 14.6, 14.6, 14.6, 15.6, 17.6, 18.5, 18.5, 18.4, 19.2, 19.2, 22.2, 23.0, 23.2],
        'Moulded_depth (m)': [7.7, 10.4, 13.0, 14.0, 15.0, 17.0, 18.6, 18.5, 20.1, 19.1, 18.5, 20.0, 20.3, 23.9, 24.2, 24.4, 24.1, 24.3, 25.1, 29.3, 29.8, 30.4],
        'Air_draft_ballast (m)': [32.0, 35.0, 39.0, 43.0, 45.0, 45.0, 48.0, 48.0, 49.0, 49.0, 50.0, 50.0, 50.0, 51.0, 54.0, 54.0, 54.0, 58.0, 58.0, 63.0, 63.0, 63.0],
        'Lateral_windage_fully_loaded (m2)': [600.0, 1400.0, 1600.0, 1700.0, 1850.0, 1900.0, 2000.0, 2100.0, 2150.0, 2300.0, 2500.0, 2400.0, 2600.0, 2850.0, 3000.0, 3150.0, 3350.0, 3600.0, 3750.0, 4000.0, 4300.0, 4400.0],
        'Lateral_windage_in_ballast (m2)': [900.0, 1800.0, 2300.0, 2700.0, 3000.0, 3300.0, 3500.0, 3800.0, 4000.0, 4100.0, 4550.0, 4550.0, 4800.0, 5850.0, 6300.0, 6500.0, 6800.0, 7200.0, 7600.0, 8500.0, 8700.0, 9700.0],
        'Longitudinal_windage_fully_loaded (m2)': [200.0, 400.0, 460.0, 520.0, 550.0, 600.0, 650.0, 700.0, 730.0, 750.0, 800.0, 700.0, 850.0, 930.0, 1000.0, 1050.0, 1100.0, 1200.0, 1250.0, 1350.0, 1400.0, 1450.0],
        'Longitudinal_windage_in_ballast (m2)': [250.0, 470.0, 550.0, 650.0, 750.0, 850.0, 900.0, 950.0, 1000.0, 1050.0, 1100.0, 1000.0, 1250.0, 1400.0, 1500.0, 1600.0, 1680.0, 1800.0, 1900.0, 2100.0, 2200.0, 2400.0],
    },
    'LNG Carriers': {
        'Class_name': ['Combination Gas/LPG', 'LNG Small', 'Combination Gas/LPG', 'LNG Conventional', 'LNG Conventional', 'LNG Conventional', 'LNG New Panamax', 'LNG New Panamax', 'LNG-Qflex', 'LNG-Qflex', 'LNG-QMax', 'LNG-QMax'],
        'DWT_deadweight_tonnage (t)': [10000.0, 11000.0, 20000.0, 40000.0, 70000.0, 80000.0, 90000.0, 98000.0, 107000.0, 120000.0, 130000.0, 155000.0],
        'Displacement_fully_laden (t)': [16500.0, 20000.0, 32000.0, 58000.0, 105000.0, 114000.0, 125000.0, 135000.0, 150000.0, 165000.0, 179000.0, 206000.0],
        'Cargo_capacity (m3)': [16500.0, 19000.0, 30000.0, 75000.0, 130000.0, 145000.0, 160000.0, 175000.0, 211000.0, 216000.0, 261000.0, 267000.0],
        'Loa_length_overall (m)': [137.0, 151.0, 180.0, 220.0, 274.0, 289.0, 289.0, 296.0, 315.0, 315.0, 345.0, 345.0],
        'Lbp_length_between_perpendiculars (m)': [127.0, 140.0, 171.0, 211.0, 260.0, 274.0, 275.0, 284.0, 303.0, 304.0, 332.0, 333.0],
        'B_beam (m)': [19.8, 28.0, 26.6, 35.0, 47.2, 48.0, 45.6, 46.4, 50.0, 50.0, 53.8, 55.0],
        'T_fully_laden (m)': [8.3, 7.7, 9.4, 10.0, 11.8, 12.3, 12.5, 12.8, 12.5, 13.6, 12.2, 13.7],
        'Cb_block_coefficient ()': [0.771, 0.646, 0.73, 0.766, 0.707, 0.688, 0.778, 0.781, 0.773, 0.779, 0.801, 0.801],
        'Loa_length_overall_max (m)': [137.0, 156.0, 180.0, 220.0, 298.0, 300.0, 300.0, 300.0, 315.0, 315.0, 345.0, 345.0],
        'Lbp_length_between_perpendiculars_max (m)': [127.0, 146.0, 171.0, 211.0, 283.0, 285.0, 292.0, 294.0, 303.0, 304.0, 332.0, 333.0],
        'B_beam_max (m)': [19.8, 28.0, 26.6, 35.0, 47.2, 49.0, 48.9, 50.0, 50.0, 50.0, 53.8, 55.0],
        'T_fully_laden_max (m)': [8.3, 8.2, 9.4, 10.0, 12.0, 12.5, 13.0, 13.0, 12.0, 13.6, 12.2, 13.7],
        'Moulded_depth (m)': [11.5, 16.0, 17.8, 22.5, 26.5, 26.5, 26.0, 26.5, 27.0, 27.0, 27.0, 27.0],
        'Air_draft_ballast (m)': [38.0, 45.0, 43.0, 59.0, 68.0, 68.0, 68.0, 68.0, 58.0, 58.0, 58.0, 58.0],
        'Lateral_windage_fully_loaded (m2)': [1850.0, 2300.0, 3200.0, 4100.0, 6400.0, 6800.0, 7300.0, 7600.0, 8000.0, 8200.0, 8300.0, 8400.0],
        'Lateral_windage_in_ballast (m2)': [2200.0, 2500.0, 3500.0, 4500.0, 7000.0, 7500.0, 8000.0, 8400.0, 8800.0, 9050.0, 9200.0, 9400.0],
        'Longitudinal_windage_fully_loaded (m2)': [400.0, 450.0, 765.0, 1080.0, 1400.0, 1500.0, 1550.0, 1650.0, 1750.0, 1800.0, 1850.0, 1950.0],
        'Longitudinal_windage_in_ballast (m2)': [450.0, 500.0, 825.0, 1150.0, 1500.0, 1600.0, 1700.0, 1800.0, 1900.0, 1950.0, 2000.0, 2100.0],
    },
    'LPG Carriers': {
        'Class_name': ['Small Gas Carrier', 'Small Gas Carrier', 'Small Gas Carrier', 'Small Gas Carrier', 'Handysize Gas Carrier', 'Medium Gas Carrier (MGC)', 'Large Gas Carrier (LGC)', 'Very Large Gas Carrier (VLGC)', 'Very Large Gas Carrier (VLGC)'],
        'DWT_deadweight_tonnage (t)': [1000.0, 3000.0, 5000.0, 10000.0, 22000.0, 30000.0, 43000.0, 50000.0, 64000.0],
        'Displacement_fully_laden (t)': [2000.0, 5200.0, 8800.0, 16000.0, 33000.0, 42000.0, 60000.0, 69000.0, 85000.0],
        'Cargo_capacity (m3)': [1500.0, 3500.0, 6000.0, 12000.0, 22000.0, 37000.0, 59000.0, 73000.0, 90000.0],
        'Loa_length_overall (m)': [65.0, 96.0, 106.0, 120.0, 160.0, 182.0, 205.0, 230.0, 228.0],
        'Lbp_length_between_perpendiculars (m)': [60.0, 90.0, 100.0, 112.0, 152.0, 172.0, 195.0, 219.0, 217.0],
        'B_beam (m)': [11.0, 16.4, 17.6, 19.8, 25.6, 29.4, 32.2, 36.6, 36.0],
        'T_fully_laden (m)': [4.2, 4.5, 5.8, 8.8, 10.9, 10.4, 11.9, 10.9, 13.6],
        'Cb_block_coefficient ()': [0.704, 0.764, 0.841, 0.8, 0.759, 0.779, 0.783, 0.771, 0.781],
        'Loa_length_overall_max (m)': [70.0, 102.0, 122.0, 146.0, 170.0, 196.0, 205.0, 230.0, 230.0],
        'Lbp_length_between_perpendiculars_max (m)': [65.0, 95.0, 115.0, 138.0, 161.0, 186.0, 195.0, 223.0, 225.0],
        'B_beam_max (m)': [12.4, 16.8, 20.0, 21.6, 26.6, 30.0, 33.2, 36.6, 36.6],
        'T_fully_laden_max (m)': [4.5, 6.8, 7.1, 8.8, 11.4, 11.6, 12.6, 12.1, 13.6],
        'Moulded_depth (m)': [5.1, 7.2, 8.1, 11.2, 16.4, 18.0, 20.8, 20.4, 22.6],
        'Air_draft_ballast (m)': [24.0, 32.0, 41.0, 41.0, 47.0, 55.0, 55.0, 55.0, 55.0],
        'Lateral_windage_fully_loaded (m2)': [600.0, 800.0, 950.0, 1350.0, 2200.0, 2650.0, 3100.0, 3300.0, 3550.0],
        'Lateral_windage_in_ballast (m2)': [650.0, 850.0, 1050.0, 1550.0, 2500.0, 3000.0, 3550.0, 3750.0, 4100.0],
        'Longitudinal_windage_fully_loaded (m2)': [230.0, 290.0, 340.0, 450.0, 670.0, 770.0, 860.0, 920.0, 960.0],
        'Longitudinal_windage_in_ballast (m2)': [240.0, 300.0, 360.0, 480.0, 720.0, 820.0, 930.0, 980.0, 1050.0],
    },
    'Container Ships (Post-Panamax)': {
        'Class_name': ['Post-Panamax', 'Post-Panamax', 'Post-Panamax', 'Post-Panamax', 'Post-Panamax', 'Post-Panamax', 'Post-Panamax', 'Post-Panamax', 'Post-Panamax', 'Post-Panamax', 'Post-Panamax', 'Post-Panamax', 'Post-Panamax', 'Post-Panamax', 'Post-Panamax', 'Post-Panamax'],
        'DWT_deadweight_tonnage (t)': [52000.0, 60000.0, 65000.0, 70000.0, 80000.0, 90000.0, 100000.0, 110000.0, 120000.0, 130000.0, 150000.0, 165000.0, 185000.0, 200000.0, 225000.0, 240000.0],
        'Displacement_fully_laden (t)': [72000.0, 82000.0, 88000.0, 96000.0, 108000.0, 123000.0, 136000.0, 145000.0, 160000.0, 172000.0, 195000.0, 211000.0, 243000.0, 265000.0, 285000.0, 307000.0],
        'Cargo_capacity (TEU)': [4300.0, 5200.0, 5500.0, 6000.0, 6800.0, 8500.0, 8700.0, 9000.0, 10000.0, 11500.0, 14000.0, 15000.0, 19000.0, 20000.0, 23700.0, 24000.0],
        'Loa_length_overall (m)': [228.0, 249.0, 255.0, 280.0, 304.0, 316.0, 334.0, 300.0, 337.0, 348.0, 369.0, 366.0, 400.0, 400.0, 400.0, 400.0],
        'Lbp_length_between_perpendiculars (m)': [218.0, 235.0, 244.0, 266.0, 292.0, 302.0, 319.0, 286.0, 321.0, 331.0, 352.0, 350.0, 382.0, 383.0, 383.0, 393.0],
        'B_beam (m)': [37.3, 37.4, 37.3, 40.3, 40.0, 45.6, 42.8, 48.2, 48.2, 45.2, 51.0, 51.2, 54.0, 58.8, 61.0, 61.2],
        'T_fully_laden (m)': [12.5, 13.5, 13.9, 14.0, 14.0, 14.5, 14.5, 14.5, 15.5, 15.5, 15.6, 16.0, 16.0, 16.0, 16.5, 17.0],
        'Cb_block_coefficient ()': [0.691, 0.674, 0.679, 0.624, 0.644, 0.601, 0.67, 0.708, 0.651, 0.724, 0.679, 0.718, 0.718, 0.718, 0.721, 0.733],
        'Loa_length_overall_max (m)': [267.0, 255.0, 272.0, 285.0, 306.0, 320.0, 340.0, 353.0, 350.0, 363.0, 369.0, 366.0, 400.0, 400.0, 400.0, 400.0],
        'Lbp_length_between_perpendiculars_max (m)': [250.0, 242.0, 261.0, 271.0, 293.0, 304.0, 325.0, 337.0, 334.0, 348.0, 352.0, 350.0, 383.0, 393.0, 394.0, 393.0],
        'B_beam_max (m)': [37.3, 37.4, 40.0, 40.3, 43.4, 46.0, 45.8, 48.2, 48.6, 48.2, 51.0, 51.2, 58.6, 61.5, 61.5, 61.5],
        'T_fully_laden_max (m)': [12.8, 13.5, 14.0, 14.5, 14.6, 15.0, 15.0, 15.0, 16.0, 16.0, 16.5, 16.0, 16.0, 16.5, 16.5, 17.0],
        'Moulded_depth (m)': [19.3, 22.1, 22.0, 24.1, 24.2, 25.0, 24.6, 24.6, 27.2, 29.7, 29.9, 29.9, 30.2, 30.2, 33.2, 33.2],
        'Air_draft_ballast (m)': [54.0, 54.0, 55.0, 57.0, 57.0, 57.0, 59.0, 59.0, 62.0, 62.0, 66.0, 70.0, 70.0, 70.0, 76.0, np.nan],
        'Lateral_windage_fully_loaded (m2)': [6100.0, 6700.0, 7100.0, 7500.0, 8200.0, 9100.0, 10000.0, 10900.0, 11700.0, 12200.0, 13700.0, 14400.0, 15000.0, 16500.0, 18000.0, 19000.0],
        'Lateral_windage_in_ballast (m2)': [7400.0, 8200.0, 8700.0, 9200.0, 10000.0, 11000.0, 12000.0, 12900.0, 13700.0, 14700.0, 15700.0, 16700.0, 17800.0, 19000.0, 20500.0, 21500.0],
        'Longitudinal_windage_fully_loaded (m2)': [1000.0, 1250.0, 1400.0, 1450.0, 1550.0, 1650.0, 1750.0, 1880.0, 2000.0, 2150.0, 2350.0, 2550.0, 2700.0, 2900.0, 3200.0, 3400.0],
        'Longitudinal_windage_in_ballast (m2)': [1150.0, 1500.0, 1570.0, 1650.0, 1800.0, 1900.0, 2000.0, 2150.0, 2300.0, 2450.0, 2750.0, 2900.0, 3100.0, 3250.0, 3550.0, 3750.0],
    },
    'Container Ships (Panamax & smaller)': {
        'Class_name': ['Panamax & smaller', 'Panamax & smaller', 'Panamax & smaller', 'Panamax & smaller', 'Panamax & smaller', 'Panamax & smaller', 'Panamax & smaller', 'Panamax & smaller', 'Panamax & smaller', 'Panamax & smaller', 'Panamax & smaller', 'Panamax & smaller'],
        'DWT_deadweight_tonnage (t)': [10000.0, 15000.0, 20000.0, 25000.0, 30000.0, 35000.0, 40000.0, 45000.0, 50000.0, 55000.0, 60000.0, 65000.0],
        'Displacement_fully_laden (t)': [15000.0, 22000.0, 28000.0, 36000.0, 43000.0, 46000.0, 56000.0, 62000.0, 68000.0, 72000.0, 83000.0, 88000.0],
        'Cargo_capacity (TEU)': [800.0, 1200.0, 1500.0, 2200.0, 2500.0, 2800.0, 3200.0, 3500.0, 4200.0, 4500.0, 5000.0, 5000.0],
        'Loa_length_overall (m)': [140.0, 147.0, 170.0, 185.0, 199.0, 210.0, 233.0, 247.0, 261.0, 261.0, 275.0, 294.0],
        'Lbp_length_between_perpendiculars (m)': [133.0, 135.0, 161.0, 176.0, 187.0, 199.0, 220.0, 232.0, 249.0, 249.0, 262.0, 283.0],
        'B_beam (m)': [20.5, 25.0, 25.0, 30.0, 30.2, 30.2, 32.3, 32.3, 32.3, 32.3, 32.3, 32.3],
        'T_fully_laden (m)': [7.5, 9.0, 9.5, 9.5, 11.2, 11.5, 11.8, 12.3, 12.6, 13.0, 13.5, 13.5],
        'Cb_block_coefficient ()': [0.716, 0.707, 0.714, 0.7, 0.663, 0.649, 0.652, 0.657, 0.655, 0.673, 0.71, 0.697],
        'Loa_length_overall_max (m)': [143.0, 165.0, 182.0, 199.0, 205.0, 226.0, 245.0, 272.0, 282.0, 294.0, 292.0, 294.0],
        'Lbp_length_between_perpendiculars_max (m)': [133.0, 151.0, 170.0, 186.0, 193.0, 212.0, 232.0, 243.0, 266.0, 281.0, 277.0, 283.0],
        'B_beam_max (m)': [23.0, 27.1, 28.0, 32.2, 32.2, 32.2, 32.2, 32.2, 32.2, 32.2, 32.2, 32.2],
        'T_fully_laden_max (m)': [8.0, 9.6, 10.8, 11.0, 11.6, 12.8, 12.5, 12.5, 13.0, 13.5, 13.5, 13.7],
        'Moulded_depth (m)': [10.5, 13.7, 14.2, 16.5, 17.5, 16.7, 17.1, 19.3, 19.3, 19.3, 21.5, 21.8],
        'Air_draft_ballast (m)': [43.0, 47.0, 49.0, 53.0, 54.0, 54.0, 54.0, 54.0, 54.0, 54.0, 54.0, 55.0],
        'Lateral_windage_fully_loaded (m2)': [2500.0, 2800.0, 3000.0, 3500.0, 4000.0, 4600.0, 5100.0, 5600.0, 6000.0, 6300.0, 6700.0, 7100.0],
        'Lateral_windage_in_ballast (m2)': [3300.0, 3650.0, 4000.0, 4600.0, 5100.0, 5700.0, 6300.0, 6700.0, 7100.0, 7600.0, 8200.0, 8700.0],
        'Longitudinal_windage_fully_loaded (m2)': [550.0, 650.0, 750.0, 850.0, 900.0, 950.0, 950.0, 1050.0, 1150.0, 1250.0, 1250.0, 1400.0],
        'Longitudinal_windage_in_ballast (m2)': [650.0, 750.0, 850.0, 950.0, 1000.0, 1050.0, 1100.0, 1200.0, 1300.0, 1400.0, 1500.0, 1570.0],
    },
    'General Cargo Vessels': {
        'Class_name': ['Mini Bulk Carrier', 'Mini Bulk Carrier', 'Mini Bulk Carrier', 'Handysize', 'Handysize', 'Handysize', 'Handysize', 'Handysize', 'Handymax', 'Supramax', 'Supramax'],
        'DWT_deadweight_tonnage (t)': [2500.0, 5000.0, 10000.0, 18000.0, 25000.0, 30000.0, 35000.0, 38000.0, 45000.0, 50000.0, 55000.0],
        'Displacement_fully_laden (t)': [4000.0, 7500.0, 17000.0, 29000.0, 35000.0, 42500.0, 47000.0, 53000.0, 57000.0, 68000.0, 68000.0],
        'Cargo_capacity (GT)': [1750.0, 3500.0, 7500.0, 16000.0, 19000.0, 23200.0, 25000.0, 26600.0, 28200.0, 37500.0, 34900.0],
        'Loa_length_overall (m)': [80.0, 101.0, 111.0, 157.0, 175.0, 193.0, 188.0, 190.0, 185.0, 204.0, 190.0],
        'Lbp_length_between_perpendiculars (m)': [73.0, 95.0, 102.0, 148.0, 166.0, 182.0, 177.0, 186.0, 176.0, 194.0, 187.0],
        'B_beam (m)': [13.0, 16.2, 19.2, 22.8, 26.5, 27.8, 27.7, 28.5, 32.2, 32.2, 32.2],
        'T_fully_laden (m)': [5.2, 6.4, 8.5, 10.3, 10.3, 11.2, 11.3, 11.0, 12.1, 12.7, 12.9],
        'Cb_block_coefficient ()': [0.791, 0.743, 0.996, 0.814, 0.754, 0.732, 0.828, 0.887, 0.811, 0.836, 0.854],
        'Loa_length_overall_max (m)': [95.0, 139.0, 152.0, 169.0, 190.0, 200.0, 192.0, 200.0, 185.0, 204.0, 190.0],
        'Lbp_length_between_perpendiculars_max (m)': [90.0, 135.0, 141.0, 160.0, 187.0, 189.0, 180.0, 191.0, 176.0, 194.0, 187.0],
        'B_beam_max (m)': [18.3, 16.9, 23.0, 25.6, 28.2, 28.0, 28.4, 30.2, 32.2, 32.2, 32.2],
        'T_fully_laden_max (m)': [6.8, 7.0, 9.3, 10.4, 10.5, 11.2, 11.4, 11.7, 12.1, 12.7, 12.9],
        'Moulded_depth (m)': [8.5, 8.2, 13.5, 14.0, 14.3, 15.5, 15.5, 15.8, 17.0, 19.0, 18.5],
        'Air_draft_ballast (m)': [27.0, 46.0, 50.0, 60.0, 60.0, 60.0, 60.0, 60.0, 60.0, 60.0, 60.0],
        'Lateral_windage_fully_loaded (m2)': [290.0, 450.0, 580.0, 850.0, 1000.0, 1100.0, 1070.0, 1150.0, 1180.0, 1300.0, 1200.0],
        'Lateral_windage_in_ballast (m2)': [470.0, 680.0, 1130.0, 1380.0, 1650.0, 1800.0, 1770.0, 1900.0, 2000.0, 2300.0, 2200.0],
        'Longitudinal_windage_fully_loaded (m2)': [170.0, 260.0, 370.0, 520.0, 620.0, 650.0, 650.0, 680.0, 750.0, 750.0, 750.0],
        'Longitudinal_windage_in_ballast (m2)': [200.0, 300.0, 430.0, 600.0, 720.0, 750.0, 750.0, 780.0, 880.0, 900.0, 880.0],
    },
    'Refrigerated Cargo': {
        'Class_name': ['Coastal Reefer', 'Coastal Reefer', 'Coastal Reefer', 'Medium Reefer', 'Medium Reefer', 'Medium Reefer', 'Large Reefer', 'Large Reefer'],
        'DWT_deadweight_tonnage (t)': [500.0, 1000.0, 2000.0, 5000.0, 7500.0, 10000.0, 15000.0, 22000.0],
        'Displacement_fully_laden (t)': [1700.0, 3000.0, 3600.0, 11000.0, 13000.0, 17000.0, 25000.0, 38000.0],
        'Cargo_capacity (GT)': [1000.0, 2500.0, 2500.0, 4500.0, 7000.0, 10500.0, 15000.0, 21500.0],
        'Loa_length_overall (m)': [67.0, 85.0, 89.0, 121.0, 134.0, 152.0, 145.0, 190.0],
        'Lbp_length_between_perpendiculars (m)': [61.0, 76.0, 81.0, 113.0, 127.0, 139.0, 136.0, 180.0],
        'B_beam (m)': [11.5, 13.0, 12.5, 16.6, 20.2, 23.0, 23.6, 30.7],
        'T_fully_laden (m)': [4.0, 4.3, 5.3, 6.9, 7.1, 8.7, 10.0, 10.5],
        'Cb_block_coefficient ()': [0.6, 0.655, 0.66, 0.65, 0.655, 0.6, 0.56, 0.64],
        'Loa_length_overall_max (m)': [67.0, 85.0, 97.0, 129.0, 146.0, 154.0, 185.0, 190.0],
        'Lbp_length_between_perpendiculars_max (m)': [61.0, 76.0, 87.0, 122.0, 138.0, 145.0, 175.0, 180.0],
        'B_beam_max (m)': [11.5, 13.0, 14.2, 19.0, 20.8, 24.0, 25.2, 30.7],
        'T_fully_laden_max (m)': [4.5, 4.9, 5.8, 7.5, 8.9, 9.3, 10.3, 10.5],
        'Moulded_depth (m)': [6.0, 6.5, 6.8, 10.0, 10.3, 13.0, 15.7, 15.5],
        'Air_draft_ballast (m)': [30.0, 30.0, 30.0, 31.0, 40.0, 43.0, 43.0, 43.0],
        'Lateral_windage_fully_loaded (m2)': [380.0, 550.0, 680.0, 1250.0, 1850.0, 2300.0, 2800.0, 3450.0],
        'Lateral_windage_in_ballast (m2)': [450.0, 660.0, 815.0, 1500.0, 2220.0, 2760.0, 3360.0, 4140.0],
        'Longitudinal_windage_fully_loaded (m2)': [120.0, 160.0, 185.0, 320.0, 480.0, 620.0, 750.0, 920.0],
        'Longitudinal_windage_in_ballast (m2)': [145.0, 195.0, 220.0, 385.0, 575.0, 740.0, 900.0, 1100.0],
    },
    'Freight RoRo Ships': {
        'Class_name': ['Small / Coastal RoRo', 'Medium / Regional RoRo', 'Medium / Regional RoRo', 'Deep-Sea RoRo / ConRo', 'Deep-Sea RoRo / ConRo', 'Large RoRo / PCTC', 'Large RoRo / PCTC', 'Large RoRo / PCTC'],
        'DWT_deadweight_tonnage (t)': [2500.0, 5000.0, 10000.0, 18000.0, 25000.0, 30000.0, 45000.0, 55000.0],
        'Displacement_fully_laden (t)': [5000.0, 11000.0, 23000.0, 37000.0, 45000.0, 53000.0, 68000.0, 90000.0],
        'Cargo_capacity (GT)': [4500.0, 9000.0, 18000.0, 35000.0, 48000.0, 60000.0, 75000.0, 100000.0],
        'Loa_length_overall (m)': [92.0, 142.0, 193.0, 205.0, 211.0, 236.0, 240.0, 296.0],
        'Lbp_length_between_perpendiculars (m)': [79.0, 133.0, 182.0, 190.0, 197.0, 222.0, 220.0, 287.0],
        'B_beam (m)': [18.0, 23.0, 26.0, 25.5, 32.3, 36.2, 37.5, 37.6],
        'T_fully_laden (m)': [4.2, 5.7, 7.4, 8.5, 9.8, 9.8, 11.5, 11.5],
        'Cb_block_coefficient ()': [0.625, 0.625, 0.625, 0.665, 0.645, 0.675, 0.68, 0.68],
        'Loa_length_overall_max (m)': [108.0, 160.0, 210.0, 238.0, 238.0, 236.0, 250.0, 296.0],
        'Lbp_length_between_perpendiculars_max (m)': [100.0, 150.0, 198.0, 230.0, 230.0, 222.0, 237.0, 287.0],
        'B_beam_max (m)': [18.6, 25.0, 28.0, 38.6, 36.0, 36.2, 38.7, 37.6],
        'T_fully_laden_max (m)': [5.4, 6.8, 8.0, 9.0, 9.8, 10.0, 11.5, 11.5],
        'Moulded_depth (m)': [7.9, 16.3, 16.7, 15.7, 13.5, 13.9, 20.0, 23.0],
        'Air_draft_ballast (m)': [15.0, 20.0, 24.0, 30.0, 35.0, 40.0, 45.0, 50.0],
        'Lateral_windage_fully_loaded (m2)': [1150.0, 2800.0, 4200.0, 5500.0, 6800.0, 8500.0, 10200.0, 13500.0],
        'Lateral_windage_in_ballast (m2)': [1380.0, 3360.0, 5040.0, 6600.0, 8150.0, 10200.0, 12240.0, 16200.0],
        'Longitudinal_windage_fully_loaded (m2)': [250.0, 580.0, 750.0, 950.0, 1250.0, 1600.0, 1900.0, 2400.0],
        'Longitudinal_windage_in_ballast (m2)': [320.0, 725.0, 940.0, 1180.0, 1560.0, 2000.0, 2370.0, 3000.0],
    },
    'Car Carriers': {
        'Class_name': ['Small PCTC', 'Small PCTC', 'Small PCTC', 'Medium PCTC', 'Medium PCTC', 'Large PCTC', 'LCTC', 'Large PCTC', 'LCTC', 'LCTC', 'Large PCTC', 'Large PCTC'],
        'DWT_deadweight_tonnage (t)': [2500.0, 5000.0, 7000.0, 12000.0, 15000.0, 18000.0, 20000.0, 20000.0, 25000.0, 30000.0, 40000.0, 50000.0],
        'Displacement_fully_laden (t)': [6500.0, 12000.0, 16000.0, 27000.0, 35000.0, 37000.0, 42000.0, 45000.0, 48000.0, 55000.0, 70000.0, 75000.0],
        'Cargo_capacity (cars)': [800.0, 2000.0, 2200.0, 4800.0, 5000.0, 6500.0, 7500.0, 6500.0, 8000.0, 8000.0, 9950.0, 10910.0],
        'Loa_length_overall (m)': [116.0, 140.0, 140.0, 183.0, 180.0, 200.0, 200.0, 200.0, 230.0, 231.0, 245.0, 265.0],
        'Lbp_length_between_perpendiculars (m)': [108.0, 131.0, 131.0, 170.0, 172.0, 192.0, 189.0, 190.0, 224.0, 219.0, 226.0, 249.0],
        'B_beam (m)': [17.2, 22.4, 22.7, 31.5, 30.0, 32.3, 35.4, 32.3, 32.3, 32.3, 32.3, 32.3],
        'T_fully_laden (m)': [5.1, 6.4, 7.4, 9.0, 9.2, 9.6, 10.0, 10.0, 10.3, 11.3, 11.8, 12.3],
        'Cb_block_coefficient ()': [0.669, 0.623, 0.709, 0.547, 0.719, 0.607, 0.612, 0.716, 0.629, 0.672, 0.794, 0.741],
        'Loa_length_overall_max (m)': [129.0, 165.0, 173.0, 183.0, 200.0, 200.0, 200.0, 200.0, 232.0, 232.0, 265.0, 265.0],
        'Lbp_length_between_perpendiculars_max (m)': [118.0, 157.0, 163.0, 171.0, 192.0, 196.0, 196.0, 192.0, 224.0, 222.0, 250.0, 249.0],
        'B_beam_max (m)': [21.2, 27.6, 30.2, 32.2, 36.5, 38.0, 38.0, 32.2, 36.5, 32.2, 32.2, 32.2],
        'T_fully_laden_max (m)': [5.6, 7.5, 7.9, 9.1, 10.0, 10.0, 10.2, 11.0, 11.0, 11.6, 12.3, 12.3],
        'Moulded_depth (m)': [12.0, 23.0, 23.3, 31.8, 33.5, 35.8, 33.0, 33.8, 35.1, 34.7, 32.5, 22.0],
        'Air_draft_ballast (m)': [40.0, 41.0, 42.0, 43.0, 46.0, 48.0, 48.0, 48.0, 48.0, 49.0, 49.0, 49.0],
        'Lateral_windage_fully_loaded (m2)': [2300.0, 3800.0, 3800.0, 6100.0, 6500.0, 7500.0, 7000.0, 7100.0, 8000.0, 7900.0, 8000.0, 6300.0],
        'Lateral_windage_in_ballast (m2)': [2700.0, 4500.0, 4500.0, 7200.0, 7700.0, 8800.0, 8200.0, 8400.0, 9400.0, 9300.0, 9400.0, 7400.0],
        'Longitudinal_windage_fully_loaded (m2)': [600.0, 800.0, 810.0, 1130.0, 1080.0, 1220.0, 1270.0, 1220.0, 1220.0, 1220.0, 1220.0, 1220.0],
        'Longitudinal_windage_in_ballast (m2)': [650.0, 880.0, 890.0, 1240.0, 1180.0, 1340.0, 1400.0, 1340.0, 1340.0, 1340.0, 1340.0, 1340.0],
    },
    'Ferries': {
        'Class_name': ['Small Ro-Pax Ferry', 'Small Ro-Pax Ferry', 'Small Ro-Pax Ferry', 'Medium Ro-Pax Ferry', 'Medium Ro-Pax Ferry', 'Large Ro-Pax Ferry', 'Large Ro-Pax Ferry'],
        'GT': [200.0, 400.0, 700.0, 1000.0, 3000.0, 6000.0, 14000.0],
        'Displacement_fully_laden (t)': [330.0, 660.0, 1150.0, 1700.0, 5000.0, 5000.0, 11000.0],
        'Cargo_capacity (passengers)': [120.0, 220.0, 350.0, 500.0, 850.0, 1100.0, 1650.0],
        'Loa_length_overall (m)': [43.0, 49.0, 67.0, 66.0, 97.0, 100.0, 147.0],
        'Lbp_length_between_perpendiculars (m)': [38.0, 42.0, 54.0, 58.0, 88.0, 91.0, 130.0],
        'B_beam (m)': [8.3, 11.5, 10.5, 10.0, 13.8, 18.0, 23.4],
        'T_fully_laden (m)': [2.1, 2.5, 4.2, 3.0, 5.2, 4.2, 5.9],
        'Cb_block_coefficient ()': [0.486, 0.533, 0.471, 0.953, 0.772, 0.709, 0.598],
        'Loa_length_overall_max (m)': [57.0, 52.0, 70.0, 83.0, 108.0, 118.0, 147.0],
        'Lbp_length_between_perpendiculars_max (m)': [42.0, 46.0, 70.0, 72.0, 100.0, 105.0, 130.0],
        'B_beam_max (m)': [15.0, 12.9, 14.2, 20.0, 24.0, 23.7, 23.4],
        'T_fully_laden_max (m)': [3.7, 4.7, 4.4, 3.9, 5.5, 5.4, 5.9],
        'Moulded_depth (m)': [3.3, 4.0, 6.5, 4.1, 8.8, 9.4, 13.4],
        'Air_draft_ballast (m)': [12.0, 15.0, 20.0, 15.0, 25.0, 28.0, 40.0],
        'Lateral_windage_fully_loaded (m2)': [200.0, 300.0, 400.0, 350.0, 600.0, 1000.0, 2000.0],
        'Lateral_windage_in_ballast (m2)': [220.0, 340.0, 460.0, 400.0, 700.0, 1150.0, 2300.0],
        'Longitudinal_windage_fully_loaded (m2)': [60.0, 90.0, 110.0, 100.0, 150.0, 220.0, 360.0],
        'Longitudinal_windage_in_ballast (m2)': [65.0, 100.0, 120.0, 110.0, 170.0, 250.0, 410.0],
    },
    'Cruise Liners': {
        'Class_name': ['Boutique / Small Cruise Ship', 'Boutique / Small Cruise Ship', 'Boutique / Small Cruise Ship', 'Boutique / Small Cruise Ship', 'Boutique / Small Cruise Ship', 'Boutique / Small Cruise Ship', 'Mid-Size Cruise Ship', 'Mid-Size Cruise Ship', 'Mid-Size Cruise Ship', 'Large Cruise Ship', 'Large Cruise Ship', 'Large Cruise Ship', 'Large Cruise Ship', 'Mega Cruise Ship', 'Mega Cruise Ship', 'Mega Cruise Ship'],
        'GT': [1000.0, 2500.0, 5000.0, 10000.0, 15000.0, 20000.0, 30000.0, 40000.0, 60000.0, 80000.0, 100000.0, 120000.0, 140000.0, 170000.0, 185000.0, 225000.0],
        'Displacement_fully_laden (t)': [1000.0, 3200.0, 5000.0, 9000.0, 12000.0, 15000.0, 20000.0, 26000.0, 35000.0, 45000.0, 54000.0, 64000.0, 74000.0, 84000.0, 87000.0, 105000.0],
        'Cargo_capacity (passengers)': [60.0, 120.0, 200.0, 320.0, 500.0, 700.0, 950.0, 1350.0, 2000.0, 2350.0, 3000.0, 3550.0, 4000.0, 4700.0, 5500.0, 6050.0],
        'Loa_length_overall (m)': [84.0, 97.0, 100.0, 133.0, 156.0, 167.0, 181.0, 210.0, 238.0, 281.0, 272.0, 317.0, 311.0, 339.0, 337.0, 362.0],
        'Lbp_length_between_perpendiculars (m)': [73.0, 78.0, 90.0, 112.0, 134.0, 147.0, 158.0, 177.0, 203.0, 258.0, 230.0, 294.0, 275.0, 312.0, 325.0, 331.0],
        'B_beam (m)': [11.9, 14.9, 16.2, 19.0, 22.0, 24.0, 25.5, 28.0, 32.3, 32.3, 35.5, 36.8, 38.6, 41.0, 42.0, 47.0],
        'T_fully_laden (m)': [4.1, 4.9, 4.7, 5.0, 5.9, 6.6, 6.0, 6.8, 8.1, 8.0, 8.3, 8.6, 8.3, 8.8, 8.8, 9.3],
        'Cb_block_coefficient ()': [0.274, 0.548, 0.712, 0.825, 0.673, 0.628, 0.807, 0.753, 0.644, 0.659, 0.777, 0.671, 0.819, 0.728, 0.707, 0.708],
        'Loa_length_overall_max (m)': [84.0, 112.0, 136.0, 163.0, 187.0, 190.0, 207.0, 226.0, 246.0, 301.0, 300.0, 319.0, 343.0, 348.0, 337.0, 362.0],
        'Lbp_length_between_perpendiculars_max (m)': [73.0, 103.0, 122.0, 141.0, 156.0, 180.0, 170.0, 205.0, 220.0, 259.0, 273.0, 294.0, 306.0, 320.0, 325.0, 331.0],
        'B_beam_max (m)': [13.5, 15.6, 20.5, 21.9, 26.5, 32.0, 28.3, 32.6, 32.2, 32.2, 35.8, 37.5, 39.7, 43.0, 43.0, 47.0],
        'T_fully_laden_max (m)': [4.7, 6.6, 6.9, 6.3, 7.6, 8.6, 7.7, 8.4, 8.2, 8.5, 8.6, 8.6, 9.1, 8.9, 8.8, 9.3],
        'Moulded_depth (m)': [5.2, 8.5, 7.0, 12.4, 16.3, 13.5, 18.1, 8.8, 11.0, 20.1, 11.2, 11.3, 11.7, 12.1, 11.8, 22.6],
        'Air_draft_ballast (m)': [58.0, 58.0, 65.0, 65.0, 66.0, 66.0, 66.0, 66.0, 66.0, 66.0, 66.0, 66.0, 68.0, 70.0, 70.0, 70.0],
        'Lateral_windage_fully_loaded (m2)': [1000.0, 1500.0, 1700.0, 3300.0, 3700.0, 4200.0, 5200.0, 6000.0, 7700.0, 9200.0, 10800.0, 12100.0, 13500.0, 14830.0, 16610.0, 17500.0],
        'Lateral_windage_in_ballast (m2)': [1050.0, 1600.0, 1800.0, 3500.0, 3900.0, 4450.0, 5500.0, 6300.0, 8100.0, 9700.0, 11400.0, 12800.0, 14200.0, 15600.0, 17500.0, 18500.0],
        'Longitudinal_windage_fully_loaded (m2)': [200.0, 300.0, 350.0, 700.0, 750.0, 800.0, 900.0, 1030.0, 1230.0, 1450.0, 1650.0, 1870.0, 2100.0, 2330.0, 2645.0, 2800.0],
        'Longitudinal_windage_in_ballast (m2)': [210.0, 320.0, 370.0, 750.0, 800.0, 850.0, 950.0, 1100.0, 1300.0, 1550.0, 1750.0, 1980.0, 2220.0, 2470.0, 2800.0, 2960.0],
    },
    'Fishing Vessels > 200 GT': {
        'Class_name': ['Coastal Fishing Vessel', 'Coastal Fishing Vessel', 'Coastal Fishing Vessel', 'Coastal Fishing Vessel', 'Mid-Water Fishing Vessel', 'Mid-Water Fishing Vessel', 'Mid-Water Fishing Vessel', 'Mid-Water Fishing Vessel', 'Factory / Distant Water Trawler', 'Factory / Distant Water Trawler', 'Factory / Distant Water Trawler', 'Factory / Distant Water Trawler'],
        'GT': [200.0, 250.0, 300.0, 400.0, 600.0, 1000.0, 1500.0, 2000.0, 3000.0, 6000.0, 9000.0, 13000.0],
        'Displacement_fully_laden (t)': [554.0, 482.0, 647.0, 910.0, 1458.0, 1790.0, 3019.0, 3573.0, 6000.0, 11000.0, 16000.0, 21000.0],
        'Cargo_capacity': [182.0, 158.0, 212.0, 298.0, 478.0, 586.0, 989.0, 1171.0, 1890.0, 3465.0, 5040.0, 6615.0],
        'Loa_length_overall (m)': [38.0, 44.0, 47.0, 55.0, 54.0, 53.0, 65.0, 75.0, 92.0, 114.0, 108.0, 153.0],
        'Lbp_length_between_perpendiculars (m)': [32.0, 35.0, 43.0, 50.0, 46.0, 46.0, 60.0, 70.0, 80.0, 107.0, 100.0, 142.0],
        'B_beam (m)': [8.3, 7.5, 7.8, 9.0, 10.4, 10.6, 13.0, 13.5, 15.2, 17.0, 21.0, 22.3],
        'T_fully_laden (m)': [3.7, 3.2, 3.3, 3.4, 5.1, 6.1, 6.4, 6.2, 6.5, 6.9, 7.3, 9.0],
        'Cb_block_coefficient ()': [0.55, 0.56, 0.57, 0.58, 0.583, 0.587, 0.59, 0.595, 0.741, 0.855, 1.018, 0.719],
        'Loa_length_overall_max (m)': [60.0, 52.0, 68.0, 71.0, 71.0, 78.0, 85.0, 108.0, 105.0, 129.0, 141.0, 155.0],
        'Lbp_length_between_perpendiculars_max (m)': [52.0, 47.0, 57.0, 59.0, 61.0, 73.0, 75.0, 95.0, 95.0, 118.0, 131.0, 142.0],
        'B_beam_max (m)': [12.2, 15.0, 14.5, 12.3, 15.7, 12.6, 15.0, 15.0, 18.0, 21.0, 23.0, 24.0],
        'T_fully_laden_max (m)': [5.5, 5.2, 5.0, 6.0, 6.3, 6.9, 7.9, 8.4, 8.5, 8.0, 8.0, 9.6],
        'Moulded_depth (m)': [3.9, 4.0, 3.6, 4.0, 7.1, 7.0, 8.3, 6.5, 9.4, 10.2, 8.4, 13.6],
        'Air_draft_ballast (m)': [15.0, 18.0, 18.0, 20.0, 25.0, 25.0, 30.0, 30.0, 35.0, 40.0, 40.0, 45.0],
        'Lateral_windage_fully_loaded (m2)': [100.0, 120.0, 100.0, 120.0, 220.0, 160.0, 240.0, 160.0, 420.0, 560.0, 400.0, 950.0],
        'Lateral_windage_in_ballast (m2)': [110.0, 140.0, 120.0, 150.0, 260.0, 200.0, 300.0, 200.0, 530.0, 700.0, 500.0, 1200.0],
        'Longitudinal_windage_fully_loaded (m2)': [30.0, 30.0, 30.0, 35.0, 70.0, 70.0, 90.0, 90.0, 140.0, 170.0, 180.0, 310.0],
        'Longitudinal_windage_in_ballast (m2)': [35.0, 35.0, 35.0, 40.0, 80.0, 80.0, 100.0, 100.0, 160.0, 190.0, 200.0, 350.0],
    },
}
